         1    0.00885     0.9717    0.01754          0          0          0      32.61
         1    0.00885     0.9717    0.01754          0          0          0      12.03
         1    0.00885     0.9717    0.01754          0          0          0      10.88
         1    0.00885     0.9717    0.01754          0          0          0      11.08
         1    0.00885     0.9717    0.01754          0          0          0      11.33
         1    0.00885     0.9717    0.01754          0          0          0      10.65
         1    0.00885     0.9684    0.01754          0          0          0      11.27
         1    0.00885     0.9651    0.01754          0          0          0      11.05
         1    0.00885     0.9601    0.01754          0          0          0      11.23
         1    0.00885     0.9493    0.01754          0          0          0      11.62
